initial: 6
20.35025 15.89082 17.06983 18.92020 17.78683 9.98206

transition: 6
0.34801 0.32045 0.07728 0.07884 0.08426 0.09117
0.12789 0.35280 0.24744 0.08415 0.09014 0.09758
0.13887 0.12783 0.26378 0.26786 0.09659 0.10508
0.13546 0.12493 0.08690 0.26475 0.28495 0.10300
0.13235 0.12188 0.08213 0.08375 0.27828 0.30161
0.36888 0.11315 0.07565 0.07722 0.08588 0.27922

observation: 6
0.62930 0.60381 0.41550 0.41307 0.39858 0.39983
0.11210 0.12441 0.18011 0.17531 0.09113 0.07606
0.05931 0.05692 0.07800 0.08271 0.08072 0.08630
0.04269 0.04866 0.05879 0.05937 0.05909 0.05457
0.07073 0.08130 0.15815 0.15693 0.15570 0.15271
0.08587 0.08490 0.10944 0.11262 0.21479 0.23054
