initial: 6
6.39729 7.08085 23.58610 23.06773 25.62608 14.24195

transition: 6
0.29793 0.29195 0.09221 0.09502 0.11139 0.11149
0.10136 0.29969 0.28211 0.09605 0.11034 0.11043
0.09425 0.09497 0.29117 0.29892 0.11183 0.10887
0.08991 0.09036 0.09370 0.29030 0.32903 0.10670
0.09460 0.09176 0.08722 0.09209 0.31955 0.31478
0.29452 0.09437 0.08739 0.09287 0.10866 0.32219

observation: 6
0.44174 0.40694 0.19098 0.18986 0.19285 0.21768
0.08481 0.12141 0.15338 0.12651 0.06133 0.04220
0.08665 0.09012 0.10381 0.11345 0.10805 0.09666
0.01681 0.01656 0.01670 0.01717 0.01679 0.01690
0.18689 0.17981 0.37094 0.39781 0.37303 0.35629
0.18310 0.18517 0.16419 0.15520 0.24796 0.27027
