initial: 6
21.12186 15.26756 18.82236 18.06997 16.22294 10.49530

transition: 6
0.32236 0.31138 0.09049 0.09098 0.09103 0.09377
0.11105 0.32093 0.28143 0.09429 0.09470 0.09760
0.11573 0.11209 0.28691 0.28775 0.09725 0.10027
0.11538 0.11144 0.09559 0.28738 0.29027 0.09995
0.11280 0.10945 0.09560 0.09593 0.28866 0.29755
0.32748 0.10592 0.09241 0.09272 0.09323 0.28824

observation: 6
0.27267 0.28317 0.18078 0.18544 0.17863 0.17213
0.08849 0.09333 0.10408 0.10809 0.06163 0.06188
0.02372 0.02448 0.02866 0.02939 0.02962 0.03127
0.53660 0.50683 0.52640 0.51524 0.51632 0.52385
0.04215 0.04915 0.10001 0.10252 0.10526 0.10862
0.03638 0.04305 0.06008 0.05932 0.10854 0.10224
