initial: 6
42.72874 13.31465 13.61402 13.79248 10.94693 5.60318

transition: 6
0.31657 0.30999 0.09202 0.09220 0.09443 0.09481
0.10484 0.31016 0.28708 0.09494 0.10064 0.10234
0.12063 0.11771 0.28752 0.28868 0.09263 0.09284
0.11936 0.11650 0.09672 0.29033 0.28232 0.09477
0.10729 0.10500 0.09647 0.09493 0.29303 0.30328
0.32867 0.10636 0.09397 0.09324 0.09270 0.28506

observation: 6
0.33483 0.38453 0.26099 0.30066 0.31823 0.23694
0.32923 0.24434 0.23542 0.23966 0.11620 0.12967
0.06405 0.05582 0.07372 0.06857 0.05417 0.07624
0.08716 0.09788 0.09856 0.09232 0.09716 0.10681
0.10750 0.12705 0.24250 0.21804 0.24366 0.26198
0.07723 0.09038 0.08882 0.08075 0.17059 0.18836
