initial: 6
4.11598 9.52720 25.71330 27.65052 22.55351 10.43949

transition: 6
0.30989 0.33560 0.11729 0.10032 0.06802 0.06889
0.09852 0.32518 0.35400 0.09971 0.06069 0.06191
0.10196 0.11149 0.35698 0.30157 0.06330 0.06470
0.11389 0.12276 0.12866 0.33055 0.22749 0.07666
0.09485 0.09402 0.08726 0.08275 0.33420 0.30693
0.29114 0.09568 0.08826 0.08407 0.11773 0.32312

observation: 6
0.21884 0.19896 0.09957 0.09114 0.09159 0.11080
0.41951 0.47834 0.45379 0.44228 0.19846 0.18977
0.15773 0.11611 0.10609 0.11820 0.13111 0.14693
0.01702 0.01370 0.01274 0.01358 0.01489 0.01693
0.13992 0.16567 0.29521 0.26898 0.21817 0.21715
0.04698 0.02722 0.03260 0.06580 0.34579 0.31842
